Epoch	AverageEpRet	StdEpRet	MaxEpRet	MinEpRet	EpLen	TotalEnvInteracts	AverageQ1Vals	StdQ1Vals	MaxQ1Vals	MinQ1Vals	AverageQ2Vals	StdQ2Vals	MaxQ2Vals	MinQ2Vals	AverageLogPi	StdLogPi	MaxLogPi	MinLogPi	LossPi	LossQ	Time
1	35051.01	17644.81	53538.023	7154.653	500.0	3999	438.8173	269.80423	1045.0543	0.029815126	438.80972	269.8123	1044.7601	-0.15673451	5.020707	4.265243	14.612719	-12.867814	-446.97113	4674.742	552.79678606987
2	42097.71	22885.525	73328.86	8258.96	500.0	7999	1704.11	618.4635	7313.894	387.77127	1704.1061	618.4665	7313.5044	387.6535	10.179932	3.4655514	20.940432	-9.175176	-1722.8765	27759.527	1181.8223435878754
3	21863.55	19580.754	64295.473	5032.118	500.0	11999	2897.1917	1366.7042	12498.707	172.24365	2897.2515	1366.5718	12498.646	174.51862	8.419631	2.9109857	16.167248	-8.080991	-2917.8445	121619.06	1808.257287979126
4	59761.11	14302.689	86283.74	43468.977	500.0	15999	3460.2913	2674.5344	18109.24	115.411835	3460.0735	2674.8022	18108.295	118.704834	13.673274	4.590551	25.273788	-6.903823	-3471.2007	296572.22	2442.886201620102
5	56947.79	6877.2812	68508.87	46567.246	500.0	19999	4061.3047	4019.7585	20787.23	425.3771	4061.2324	4019.7705	20797.113	412.6662	19.762959	3.1020644	27.2877	-2.7002773	-4069.706	631392.4	3084.91211271286
6	59412.008	15334.048	97815.48	47167.652	500.0	23999	5089.927	5483.937	23070.7	468.464	5089.881	5483.9727	23070.262	479.88046	20.798906	3.0721471	27.811392	0.12650394	-5087.069	1031336.3	3741.089099884033
7	68815.81	27704.404	134301.97	46039.863	500.0	27999	5542.2515	6799.198	23709.926	416.03616	5542.719	6798.839	23708.684	388.98434	21.084574	3.0313125	28.425547	-4.5694447	-5534.926	1300974.1	4388.043989896774
8	73904.11	36261.996	136522.27	42748.598	500.0	31999	5954.025	7752.4067	24982.873	155.68298	5954.3135	7752.119	24930.387	153.62143	20.547758	3.025919	27.430069	1.6426105	-5944.415	1493980.2	5039.890378952026
9	57298.734	10794.42	82039.016	47535.914	500.0	35999	6143.668	8273.218	26273.76	81.701614	6143.764	8273.226	26271.693	54.360226	20.400959	3.0218594	27.100292	-0.9190178	-6132.579	2047933.5	5685.996246099472
10	63841.688	17463.023	105507.2	43461.36	500.0	39999	6059.619	8468.338	25380.275	199.2269	6059.732	8468.254	25357.771	189.36853	20.677305	3.0401936	28.219223	0.5846567	-6051.453	2508990.8	6332.7513518333435
11	58905.97	13463.978	92400.61	48720.508	500.0	43999	5949.058	8491.035	25496.385	322.37833	5949.155	8490.99	25549.066	312.03775	20.444904	3.0246935	28.157244	2.117035	-5941.2505	2676369.5	6988.031407117844
12	55203.277	12142.386	83953.06	40794.312	500.0	47999	5856.6934	8521.274	24242.639	214.29904	5856.706	8521.217	24235.98	218.20958	20.619637	3.040967	27.314087	2.2620363	-5847.317	2420228.0	7641.176429748535
13	63432.004	29053.889	134513.12	38705.246	500.0	51999	5784.194	8524.636	23722.55	118.093704	5784.4175	8524.497	23699.318	94.60477	21.026804	3.0348861	29.30119	-0.43881416	-5773.438	2649085.0	8300.44099020958
14	67010.42	22055.834	97194.4	42527.957	500.0	55999	5771.577	8615.34	23604.926	64.3582	5771.5513	8615.442	23561.895	38.993412	21.212666	3.0344112	28.055553	0.71466255	-5761.175	2530235.8	8950.40862941742
15	53817.14	6785.6426	63256.754	43927.457	500.0	59999	5872.4785	8608.23	24696.465	107.02458	5872.471	8608.279	24678.924	94.862	21.447208	3.0411854	28.141205	-0.9987211	-5866.1587	2671254.0	9600.336047649384
16	55915.04	6100.292	66462.67	46693.777	500.0	63999	5677.571	8481.128	23750.008	30.39295	5677.515	8481.225	23741.168	16.233608	21.331612	3.0270782	28.012484	0.14265156	-5670.632	2352881.2	10251.63603234291
17	53004.914	17519.355	91403.63	38236.535	500.0	67999	5672.681	8475.952	23631.123	171.94522	5672.7427	8475.992	23606.867	160.62315	21.565514	3.0130436	28.068611	2.2386036	-5663.971	2364532.0	10890.425910711288
18	61037.8	15395.733	87815.1	41976.1	500.0	71999	5652.281	8569.61	23733.395	13.43674	5652.4585	8569.571	23730.94	11.161173	21.695194	3.0316586	28.450806	-3.029234	-5645.682	2234080.2	11534.299273729324
19	58265.207	10101.46	76028.26	49146.723	500.0	75999	5707.847	8641.038	23464.896	186.1114	5707.881	8641.074	23444.87	197.95825	21.884752	3.0299904	29.24685	0.9148426	-5699.747	2274653.2	12176.289105176926
20	59506.133	15609.061	94670.414	43249.613	500.0	79999	5815.4175	8498.374	23375.906	242.88637	5815.4727	8498.397	23335.465	251.06758	22.154573	3.0272892	28.79749	1.9695854	-5807.648	2090262.6	12815.155321359634
21	69905.21	26111.016	121745.38	46196.684	500.0	83999	6112.882	8546.829	31421.506	403.92758	6113.015	8546.819	31408.697	404.4018	22.518826	3.0367842	29.03226	2.6673603	-6104.622	2134717.2	13451.95777463913
22	63950.383	17603.445	94166.76	49495.75	500.0	87999	6288.579	8641.554	29499.506	625.44086	6288.694	8641.577	29489.418	634.3914	22.7094	3.0259066	29.970732	0.8871174	-6280.329	2333056.2	14091.990063667297
23	59894.04	20693.889	108101.984	42903.63	500.0	91999	6519.302	8755.609	30287.078	798.5437	6519.372	8755.605	30279.215	805.2389	23.091578	3.0294185	29.939281	0.4517975	-6509.432	2209066.2	14734.53430891037
24	53191.816	14939.877	86046.69	39400.38	500.0	95999	6577.8306	8803.633	25420.926	921.3714	6577.801	8803.724	25445.936	900.78546	23.181316	3.016654	29.846855	0.6077461	-6570.386	2089126.8	15387.13937997818
25	69936.05	13531.946	87475.26	45700.61	500.0	99999	6736.1494	9027.414	26104.928	857.0473	6736.1475	9027.501	26021.12	859.14233	23.451332	3.0220633	30.045277	1.0722046	-6728.151	2010926.9	16019.664026737213
26	58188.836	8881.425	69223.805	39477.207	500.0	103999	7025.226	9276.974	25802.791	770.941	7025.3047	9277.038	25749.133	753.7704	23.865217	3.0140986	30.367943	1.2947369	-7017.6406	2580918.5	16656.326742887497
27	66266.48	33491.184	141551.84	39209.367	500.0	107999	7321.664	9290.226	25688.498	845.7494	7321.6216	9290.345	25685.537	846.71436	24.35833	3.016833	30.950003	2.6657486	-7313.589	2436270.8	17294.346281051636
28	65709.43	29858.537	135322.25	44083.098	500.0	111999	7267.7886	9079.88	25778.842	754.9673	7267.7217	9079.953	25814.928	745.8578	24.475267	3.0170693	30.996567	3.669797	-7258.8296	2323212.2	17945.10260629654
29	77488.72	23822.027	131596.62	53717.875	500.0	115999	7170.662	9139.913	25976.8	811.0543	7170.6084	9139.945	25980.145	810.85474	24.466515	3.0249298	31.08349	3.7592564	-7163.68	2258591.8	18579.62158870697
30	68147.7	11909.042	86000.52	51738.668	500.0	119999	7447.2935	9324.551	26569.27	847.5752	7447.2354	9324.584	26580.615	850.6646	24.758654	3.0072708	31.268166	2.9798145	-7439.516	1872277.6	19221.42158794403
31	60065.844	12250.963	78304.75	46124.652	500.0	123999	7450.726	9131.63	26607.516	856.7273	7450.705	9131.608	26597.447	866.45245	24.984676	3.012172	31.594812	3.7196388	-7442.438	1494747.9	19866.50640797615
32	50077.12	11351.491	69698.13	38498.95	500.0	127999	7295.5317	8714.731	26082.19	1094.0387	7295.4727	8714.756	26076.014	1030.5583	24.843506	3.0012777	31.33067	1.4248104	-7287.459	1354011.6	20514.955286026
33	57830.633	17669.09	94626.55	37547.387	500.0	131999	7041.301	8309.524	26066.01	1048.6581	7041.3643	8309.448	26056.557	1075.4504	24.78561	3.01031	31.427279	4.3572874	-7031.353	1135030.9	21165.57252550125
34	58058.445	15587.495	87282.06	38971.855	500.0	135999	6926.1357	8273.956	29835.395	1027.3682	6926.089	8273.973	29881.018	1027.3597	24.826927	3.0208886	31.313744	2.9793167	-6916.6826	1260050.5	21814.084829092026
35	68722.45	30404.418	127596.945	39589.473	500.0	139999	6732.188	8253.731	29607.746	925.67163	6732.087	8253.767	29624.469	914.3485	24.692848	3.0261676	31.387043	1.5551996	-6723.9697	1277042.1	22446.41778731346
36	49612.31	5971.476	57993.61	40191.24	500.0	143999	6839.082	8452.608	28633.045	862.78046	6838.917	8452.735	28670.121	853.22876	24.971409	2.9933403	31.504177	5.2385044	-6828.946	1256707.9	23081.848426818848
37	74395.945	31869.656	136609.77	38969.61	500.0	147999	6473.1226	8489.851	25558.123	716.9523	6473.039	8489.933	25577.873	699.2987	24.857641	3.0119622	31.51979	-0.007789612	-6464.1523	1287658.0	23717.49602985382
38	58282.69	13669.342	88091.98	38751.117	500.0	151999	6408.734	8646.48	25896.299	623.54865	6408.785	8646.489	25863.176	588.6119	24.767103	3.0240848	31.418055	2.8386574	-6399.5996	1223976.2	24349.354335069656
39	52738.383	12600.229	80489.06	38980.85	500.0	155999	6699.0625	8867.873	26704.176	679.7957	6698.986	8867.927	26702.375	662.6034	25.214264	3.0071042	31.656155	4.140587	-6688.772	1370451.0	25008.87504029274
40	55667.645	12875.924	85869.97	38852.613	500.0	159999	6573.8125	8948.007	26270.63	631.8948	6573.429	8948.283	26261.496	599.76355	25.27361	3.0205922	31.89674	3.3122816	-6564.574	1398213.6	25657.095997333527
41	69901.33	25766.44	126914.82	47282.133	500.0	163999	6511.4487	9153.81	30287.184	496.6417	6511.2314	9153.968	30267.2	487.35504	25.547377	3.0257912	32.133404	4.459444	-6502.177	1803340.8	26312.25310230255
42	62266.6	18873.002	101980.51	39466.516	500.0	167999	6697.125	9352.77	30088.951	380.31973	6696.8813	9352.907	30144.562	368.06833	25.926996	3.0252223	32.37543	4.3706894	-6687.446	1711453.2	26940.473895072937
43	78242.55	29795.443	138269.84	43905.97	500.0	171999	7137.0723	9420.169	30329.3	469.6625	7136.8726	9420.29	30342.205	466.0813	26.457428	3.016853	32.985878	5.606819	-7126.669	1398125.6	27576.69965171814
44	58520.945	16184.186	88595.63	38686.668	500.0	175999	7172.481	9164.301	26851.13	649.8733	7172.176	9164.529	26856.598	642.094	26.552765	3.0287864	32.910816	5.1462936	-7162.355	1165515.9	28210.044899463654
45	59756.25	17238.104	95533.91	41051.62	500.0	179999	7073.8857	9126.156	25869.729	695.62823	7073.755	9126.239	25865.354	704.3694	26.584333	3.0112686	33.31164	6.7164125	-7065.168	1114931.8	28838.397895097733
46	60411.92	27630.512	131933.98	38400.977	500.0	183999	7068.259	9243.295	26207.336	624.9058	7067.9785	9243.449	26215.19	622.85297	26.817316	3.014877	33.33271	5.899702	-7057.845	1834170.1	29475.100271701813
47	49654.89	5330.28	56688.895	41448.207	500.0	187999	6942.7993	9363.132	26712.271	486.2714	6942.571	9363.258	26709.93	448.7612	26.972923	3.0237634	33.36415	4.847	-6931.592	1847667.5	30108.66891360283
48	60919.0	17681.686	102627.625	44009.12	500.0	191999	6369.3374	9227.475	26323.582	244.04933	6369.2007	9227.473	26341.357	293.41364	26.767586	3.0271764	33.316948	7.5928993	-6356.8413	1896586.0	30743.883949518204
49	59098.668	16880.258	87164.97	39557.86	500.0	195999	5966.2163	9028.762	25993.111	276.3637	5966.015	9028.849	25993.545	303.75916	26.462873	3.0162673	32.96502	3.8254423	-5954.6143	1391667.4	31383.8493642807
50	54943.44	12535.3955	86905.92	45416.516	500.0	199999	5992.8125	8880.277	26306.39	303.10266	5992.7856	8880.289	26323.707	257.69617	26.54644	3.0123777	32.95327	-1.0489235	-5983.167	1226353.2	32022.616092205048
51	54242.586	10711.671	75410.37	39624.02	500.0	203999	6024.851	8884.797	26039.393	282.72647	6024.857	8884.762	26041.486	146.03787	26.574322	3.014466	33.051876	4.82094	-6015.973	1059503.0	32658.31200861931
52	55362.23	13677.796	84222.7	40772.406	500.0	207999	5969.059	9032.827	26689.508	191.0308	5968.988	9032.882	26707.963	124.07145	26.638699	3.012633	33.063847	3.8743744	-5958.9424	1079862.2	33312.84357380867
53	46553.83	6771.3013	57361.598	39010.47	500.0	211999	5764.946	9091.057	26653.65	81.89593	5765.066	9090.965	26662.316	84.30219	26.618805	3.0189273	33.32346	4.4103756	-5754.6514	1323111.1	33962.09780931473
54	58506.633	12409.822	85917.875	45189.797	500.0	215999	5750.2656	9253.059	26405.58	-7.0472193	5750.188	9253.116	26406.154	-32.07717	26.735657	3.0277643	33.43309	5.643463	-5738.881	1359485.8	34597.70077419281
55	56155.266	13429.215	83953.47	40680.766	500.0	219999	5677.756	9224.376	26810.664	-72.70754	5678.159	9224.093	26822.518	-64.141045	26.738674	3.0143888	33.059517	2.9880981	-5666.0435	1373586.1	35242.769116163254
56	53436.684	17043.56	93336.016	38054.395	500.0	223999	5649.02	9028.7	26158.004	-40.54726	5649.1797	9028.584	26161.428	-44.32778	26.6918	3.0135927	33.040085	5.745241	-5638.18	1122758.6	35878.46793437004
57	47993.71	7991.756	64754.52	36899.01	500.0	227999	5455.83	8940.295	27151.635	-9.779853	5455.5576	8940.457	27163.604	-10.0671	26.43659	3.025616	32.873634	3.0447388	-5445.236	897113.9	36511.75437378883
58	63141.773	14844.608	99906.92	50161.418	500.0	231999	5592.2007	8961.702	25829.531	4.204588	5592.2524	8961.619	25824.588	15.649382	26.734175	3.0341787	33.420303	1.8466244	-5581.275	1046818.6	37154.510902404785
59	56171.383	12251.585	81802.25	38290.004	500.0	235999	6092.132	9085.676	25586.48	53.744278	6091.882	9085.753	25584.299	-98.804115	27.327038	3.025149	33.974655	6.9656754	-6080.5776	1249061.2	37810.394845724106
60	50616.094	12171.073	80601.28	40446.48	500.0	239999	6226.3394	9244.931	26127.934	18.656656	6225.982	9245.024	26147.926	-101.780304	27.49969	3.0050106	34.13191	5.618271	-6215.2754	1358146.5	38475.2298681736
61	64256.96	31060.73	137779.28	37827.734	500.0	243999	6167.543	9431.13	26658.482	-163.84589	6167.2524	9431.288	26675.383	-414.71545	27.476269	3.029967	33.897404	3.6877594	-6157.285	1376580.2	39103.45800733566
62	46235.03	4561.1426	54103.027	39882.184	500.0	247999	5833.3486	9418.176	26740.096	-129.05061	5841.9863	9412.68	26737.562	-482.3526	27.330046	3.0342684	33.910126	6.5323906	-5822.916	1481868.5	39746.6095290184
63	64103.81	17375.473	97628.28	45571.004	500.0	251999	5480.0913	9137.85	27317.486	-81.82522	5480.1484	9137.711	27319.336	-304.31354	27.038898	3.017998	33.574093	6.99629	-5469.498	1108159.4	40377.853009939194
64	52132.61	5713.705	62118.37	46009.254	500.0	255999	5579.0703	9139.688	29628.924	-337.29843	5578.9614	9139.7295	29598.992	-382.76904	27.115547	3.0208538	33.678566	6.94339	-5567.307	869860.4	41013.42612528801
65	52290.035	17208.879	96247.41	39440.918	500.0	259999	5813.657	9199.829	27653.291	-608.72833	5813.737	9199.851	27584.312	-885.3876	27.469145	3.0223553	33.83321	2.424923	-5800.967	973945.4	41652.69373869896
66	72196.77	31209.586	134674.03	40014.45	500.0	263999	5938.75	9219.26	27955.5	-283.2013	5944.132	9215.748	28028.857	-473.09613	27.687712	3.0130491	34.090626	5.842821	-5928.231	1386722.5	42305.30663919449
67	59012.97	6330.254	65743.75	47828.723	500.0	267999	6175.1323	9078.788	25590.861	-282.4249	6186.96	9070.657	25778.602	-681.8904	27.943653	3.019806	34.14936	4.431875	-6162.474	1474285.8	42935.08852958679
68	65994.37	16912.81	91706.26	45176.184	500.0	271999	6035.231	8832.688	25617.42	-996.93195	6036.986	8831.5625	25608.705	-1140.0104	27.80906	3.0182414	34.288048	7.574814	-6020.1797	1380049.9	43570.256247997284
69	55543.297	8998.549	67693.875	40718.055	500.0	275999	5685.7705	8779.839	25065.01	0.26710415	5686.932	8779.067	25034.018	2.7585921	27.640917	3.006715	34.199253	6.1240253	-5672.222	1185542.8	44216.223076581955
70	60284.0	14052.36	93138.38	46675.215	500.0	279999	5688.1885	8711.094	25187.045	3.2415438	5688.0366	8711.133	25163.266	2.8180034	27.686953	3.0140955	34.149567	6.2041655	-5674.84	1113418.2	44860.21815943718
71	51249.4	5017.0347	58482.56	43104.066	500.0	283999	5579.4497	8723.75	28256.848	-44.770973	5579.2646	8723.913	28346.332	2.8861003	27.544785	3.02009	33.897057	5.805748	-5569.3115	1091719.4	45524.46333312988
72	53765.703	8199.732	69433.06	43351.043	500.0	287999	5524.202	8823.692	27311.54	0.14634395	5523.9185	8823.795	27309.432	2.266892	27.351284	3.0191028	34.269234	4.406227	-5511.509	1355670.2	46173.003601551056
73	60252.992	15119.364	91378.08	43256.07	500.0	291999	5584.844	8940.898	27792.338	-5.518361	5585.2896	8940.641	27809.344	3.006134	27.3377	3.0127294	33.93638	6.116747	-5574.057	1508182.5	46831.2952568531
74	51336.82	8293.353	64892.746	39508.824	500.0	295999	5503.0874	8824.997	26547.354	3.490678	5502.7925	8825.092	26558.082	2.1123252	27.235086	3.0206757	33.85842	5.58469	-5491.2427	1278747.1	47478.28709292412
75	50170.97	4723.643	56385.027	42148.742	500.0	299999	5468.83	8716.95	25811.209	3.5547822	5469.165	8716.744	25800.69	3.1371982	27.258348	3.0297356	33.97938	6.162898	-5457.887	1104140.1	48129.43046236038
76	49439.06	5887.1665	58882.99	38406.188	500.0	303999	5168.798	8517.7705	25232.559	3.6273167	5168.5327	8517.902	25219.707	-34.848644	26.986282	3.027984	33.26334	6.8229218	-5159.566	994986.2	48769.510732889175
77	53476.664	8311.757	73243.51	44985.75	500.0	307999	5062.4067	8537.866	28104.957	3.6479208	5062.26	8538.013	28405.477	-31.736914	26.840675	3.0293016	33.572605	3.790184	-5053.964	1171426.4	49409.326795101166
78	50340.48	9103.632	72674.15	39520.367	500.0	311999	4985.839	8641.161	25982.096	3.6498606	4985.864	8641.141	26327.836	-28.577616	26.556326	3.0195403	32.96052	7.3055687	-4976.261	990694.44	50047.01340651512
79	61529.906	21504.918	116002.04	45258.66	500.0	315999	5229.9976	8834.259	27406.123	-2.0023751	5229.6304	8834.433	27346.49	-16.654842	26.693314	3.0208757	33.16866	5.4829807	-5218.941	983441.56	50703.327803611755
80	58993.082	15633.084	96569.336	45204.02	500.0	319999	5450.4517	8825.767	26501.615	-104.62465	5450.5996	8825.622	26499.629	-110.03211	26.919508	3.0187886	33.40857	5.7948503	-5438.715	1030008.6	51350.50777029991
81	64477.71	19244.582	98223.12	42468.797	500.0	323999	5653.1875	8719.091	25686.611	-36.78528	5653.634	8718.68	25682.691	-130.78969	27.336166	3.0231752	33.91807	3.9085827	-5640.7646	1006941.7	52000.581971645355
82	58809.906	14885.08	89242.09	42842.605	500.0	327999	5832.269	8558.914	24496.814	-48.474342	5832.491	8558.79	24490.154	3.5286367	27.65495	3.0055041	33.91272	8.637968	-5819.018	812613.4	52655.108577251434
83	58078.527	16023.297	95837.36	40908.855	500.0	331999	6089.9077	8671.911	24866.906	-159.35109	6090.0806	8671.719	24881.652	-32.990433	27.889082	3.0250173	34.1874	5.203455	-6077.2725	927288.6	53310.19947719574
84	53854.414	10833.621	74952.5	39228.316	500.0	335999	5758.9604	8791.752	25693.58	4.146706	5758.811	8791.859	25701.496	3.7183058	27.53664	3.022112	34.07491	6.7550907	-5747.869	1016748.75	53954.93808341026
85	64636.895	30135.486	137046.66	39665.266	500.0	339999	5659.449	8809.71	25261.166	4.1925917	5659.323	8809.813	25299.256	3.766758	27.44671	3.019929	34.273743	7.5746593	-5648.581	1233797.4	54610.33852458
86	53348.836	14571.839	84949.805	38145.78	500.0	343999	5785.359	8811.586	25860.879	4.2423224	5785.51	8811.55	25870.695	3.8184135	27.50446	3.0075035	33.872112	5.773531	-5774.726	1028343.56	55259.061478853226
87	56217.285	14103.345	87369.43	40561.55	500.0	347999	5863.4517	8899.901	26551.54	4.304516	5863.781	8899.725	26530.947	3.8778014	27.575558	3.026102	33.96112	4.093937	-5851.168	918806.56	55918.69146537781
88	57204.406	11700.669	79371.84	42826.188	500.0	351999	5535.7607	8821.518	27394.875	4.353344	5535.646	8821.555	27421.576	3.9207888	27.449158	3.0132177	34.063286	6.3361235	-5524.471	1014797.56	56563.987084150314
89	52351.855	12408.993	76554.336	38595.555	500.0	355999	5528.4243	8841.331	28242.635	4.3817673	5528.0083	8841.552	28151.684	3.9512892	27.534481	3.010229	34.00248	6.9134274	-5517.754	1084719.4	57229.25656795502
90	61530.188	12994.347	75915.95	38914.81	500.0	359999	5552.047	8956.483	25889.375	4.4387774	5551.9204	8956.493	25821.758	4.015423	27.346403	3.0089629	33.729225	6.921833	-5541.076	975258.4	57890.086587667465
91	52915.87	14284.841	88409.9	39811.64	500.0	363999	5516.523	8920.865	25846.195	-17.780167	5516.402	8920.869	25827.629	4.1132426	27.150414	3.0039334	33.538353	9.231988	-5505.369	901952.5	58537.63335084915
92	59791.945	30540.832	139146.03	36772.96	500.0	367999	5655.9546	8936.79	26328.281	4.6537204	5656.2114	8936.645	26361.945	4.234619	27.178852	3.0140083	33.46399	4.9633293	-5644.031	922112.5	59195.30657720566
93	61211.195	12627.495	82675.46	45610.355	500.0	371999	5677.7026	9015.264	26839.572	4.733332	5677.614	9015.267	26812.578	4.309627	27.169062	3.0228524	33.404236	6.424781	-5666.1216	852089.9	59845.3792719841
94	52502.54	7682.7217	66288.15	41145.97	500.0	375999	5721.771	9208.913	27992.066	4.808739	5721.5845	9208.926	28000.463	4.3866153	27.281387	3.0252283	33.557644	0.9319401	-5711.342	1001618.2	60507.30948519707
95	61177.047	15108.561	83324.875	38795.04	500.0	379999	5693.458	9377.165	26964.482	4.8823447	5692.9883	9377.432	26984.025	4.463617	27.110346	3.0230677	33.683887	2.6444168	-5682.3384	1114515.2	61162.120987176895
96	51695.008	12393.566	81309.516	37659.773	500.0	383999	6098.324	9753.328	27729.002	4.9389496	6097.809	9753.595	27742.758	4.528429	27.392706	3.0290554	33.63928	7.4654474	-6086.4683	1270094.1	61801.268468379974
97	52262.434	11659.642	78880.78	38969.824	500.0	387999	6333.3184	10008.687	27874.771	4.97075	6332.9546	10008.942	27915.504	-2.3069124	27.551008	3.0204258	33.995426	5.9891605	-6322.2876	1507674.4	62474.09355044365
98	53593.406	14236.295	87630.42	38297.883	500.0	391999	6312.354	10098.5625	27935.756	-12.720551	6311.795	10098.925	27884.682	4.607341	27.53723	3.0262487	34.272118	2.6637344	-6301.1943	1611247.1	63131.842937231064
99	59364.887	13218.749	84803.71	39507.42	500.0	395999	6320.825	10040.314	28460.684	5.030313	6320.3354	10040.623	28517.99	4.6426897	27.538929	3.01588	34.093323	8.549944	-6308.8594	1616179.0	63770.03743314743
100	58637.297	27748.227	127168.62	37773.75	500.0	399999	6144.3643	9701.291	28231.268	5.0879517	6144.0996	9701.398	28192.027	4.707644	27.379675	3.0178251	33.805138	3.0133305	-6131.603	1233174.8	64414.09231209755
